output DCT result: 
261.25  -0.344868  -1.63321  0.982125  1.24999  -1.46984  -0.676503  1.73381  
0.982125  -0.270966  -1.2832  0.771645  14.9718  -1.15485  -0.53152  1.36224  
-0.676502  0.186645  0.883883  -0.531519  -0.676498  0.795474  0.366117  -0.938326  
-1.73379  0.478354  2.26532  -1.36224  102.155  2.03874  0.938318  -2.40484  
-1.25001  2.09359  1.6332  12.0039  -1.25  14.2531  0.676498  -0.788698  
0.344881  -0.0951506  -0.450599  0.270963  102.611  -0.405517  -0.186652  0.478361  
1.6332  -0.4506  -2.13388  1.2832  1.63322  -1.92045  -0.883884  2.26532  
1.46985  -0.405529  -1.92044  1.15485  9.03066  -1.72835  -0.795475  2.03873  
output quantized result: 
16  0  0  0  0  0  0  0  
0  0  0  0  1  0  0  0  
0  0  0  0  0  0  0  0  
0  0  0  0  2  0  0  0  
0  0  0  0  0  0  0  0  
0  0  0  0  1  0  0  0  
0  0  0  0  0  0  0  0  
0  0  0  0  0  0  0  0  
the count zero results
0
0
0
0
0
0
0
0
0
0
0
0
0
0
0
1
0
0
0
0
0
0
0
0
0
0
0
0
0
0
2
0
0
0
0
0
0
0
0
0
0
0
0
0
0
1
0
0
0
0
0
0
0
0
0
0
0
0
0
0
0
0

the count zero results
15zeros before1
14zeros before2
14zeros before1

this is the data through dwt row
33  0  1  1  31  -29  27  -25  
33  0  0  0  -23  21  -19  17  
34  -1  0  2  -15  13  -6  9  
33  0  1  1  7  -5  3  -1  
33  0  1  1  -1  3  -5  7  
33  0  0  0  9  -11  13  -15  
33  0  0  0  17  -19  21  -23  
33  0  1  1  -25  27  -29  31  

this is the data after the rotation
33  33  34  33  33  33  33  33  
0  0  -1  0  0  0  0  0  
1  0  0  1  1  0  0  1  
1  0  2  1  1  0  0  1  
31  -23  -15  7  -1  9  17  -25  
-29  21  13  -5  3  -11  -19  27  
27  -19  -6  3  -5  13  21  -29  
-25  17  9  -1  7  -15  -23  31  

this is the data through column
33  0  0  0  0  0  1  0  
0  0  0  0  0  0  1  0  
0  0  0  -1  4  -4  3  -4  
0  0  0  0  4  -4  4  -4  
0  0  1  1  27  -25  23  -21  
1  -1  0  1  -11  9  -4  5  
0  0  1  1  -5  7  -9  11  
0  0  0  0  21  -23  25  -27  

this is the data after quantization
1  0  0  0  0  0  0  0  
0  0  0  0  0  0  0  0  
0  0  0  0  0  0  0  0  
0  0  0  0  0  0  0  0  
0  0  0  0  1  -1  1  -1  
0  0  0  0  0  0  0  0  
0  0  0  0  0  0  0  0  
0  0  0  0  1  -1  1  -1  

this is the data recontructed from dwt
64  0  0  64  64  0  0  64  
0  64  64  0  0  64  64  0  
32  32  32  32  32  32  32  32  
32  32  32  32  32  32  32  32  
32  32  32  32  32  32  32  32  
32  32  32  32  32  32  32  32  
64  0  0  64  64  0  0  64  
0  64  64  0  0  64  64  0  

